Any text should work as a comment
5 25 5 30
5 30 5 35
5 30 10 30
10 25 10 30
10 30 10 35

// No comment tags are needed
12 25 12 30
12 30 12 35
12 25 17 25
12 30 17 30
12 35 17 35

# But you can use them
19 25 19 35
19 25 24 25

26 25 26 35
26 25 31 25

7 5 7 10
7 10 5 15
7 10 10 15

12 5 12 10
12 10 12 15
12 5 17 5
12 10 17 10
12 15 17 15

19 5 20.25 10
20.25 10 21.5 15
21.5 15 22.75 10
22.75 10 24 5
20.25 10 22.75 10

26 5 26 10
26 10 26 15
26 10 31 10
31 10 31 15
31 10 31 5

5 20 31 20 
5 21 31 21
5 19 31 19
