0.9 1.0	0.9 2.0	
0.9 1.0	1.8 1.0	
2.7 1.0	1.8 1.0	
2.7 1.0	3.6 1.0	
4.5 1.0	3.6 1.0	
4.5 1.0	5.4 1.0	
6.3 1.0	5.4 1.0	
6.3 1.0	7.2 1.0	
8.1 1.0	7.2 1.0	
8.1 1.0	9.0 1.0	
9.9 1.0	9.0 1.0	
9.9 1.0	10.8 1.0	
11.7 1.0	10.8 1.0	
11.7 1.0	12.6 1.0	
13.5 1.0	12.6 1.0	
13.5 1.0	14.4 1.0	
15.3 1.0	14.4 1.0	
15.3 1.0	16.2 1.0	
17.1 1.0	16.2 1.0	
17.1 1.0	18.0 1.0	
18.9 1.0	18.0 1.0	
18.9 1.0	19.8 1.0	
20.7 1.0	19.8 1.0	
20.7 1.0	21.6 1.0	
22.5 1.0	21.6 1.0	
22.5 1.0	23.4 1.0	
24.3 1.0	23.4 1.0	
24.3 1.0	25.2 1.0	
26.1 1.0	25.2 1.0	
26.1 1.0	27.0 1.0	
27.9 1.0	27.0 1.0	
27.9 1.0	28.8 1.0	
29.7 1.0	28.8 1.0	
29.7 1.0	30.6 1.0	
31.5 1.0	30.6 1.0	
31.5 1.0	32.4 1.0	
33.3 1.0	32.4 1.0	
33.3 1.0	34.2 1.0	
35.1 1.0	34.2 1.0	
35.1 1.0	36.0 1.0	
36.9 1.0	36.0 1.0	
36.9 1.0	36.9 2.0	
0.9 3.0	0.9 2.0	
0.9 3.0	0.9 4.0	
36.9 3.0	36.9 2.0	
36.9 3.0	36.9 4.0	
0.9 5.0	0.9 4.0	
0.9 5.0	0.9 6.0	
4.5 5.0	5.4 5.0	
6.3 5.0	5.4 5.0	
6.3 5.0	7.2 5.0	
8.1 5.0	7.2 5.0	
8.1 5.0	8.1 6.0	
11.7 5.0	11.7 6.0	
11.7 5.0	12.6 5.0	
13.5 5.0	12.6 5.0	
13.5 5.0	14.4 5.0	
15.3 5.0	14.4 5.0	
15.3 5.0	16.2 5.0	
17.1 5.0	16.2 5.0	
17.1 5.0	18.0 5.0	
18.9 5.0	18.0 5.0	
18.9 5.0	19.8 5.0	
20.7 5.0	19.8 5.0	
20.7 5.0	21.6 5.0	
22.5 5.0	21.6 5.0	
22.5 5.0	23.4 5.0	
24.3 5.0	23.4 5.0	
24.3 5.0	25.2 5.0	
26.1 5.0	25.2 5.0	
26.1 5.0	27.0 5.0	
27.9 5.0	27.0 5.0	
27.9 5.0	28.8 5.0	
29.7 5.0	28.8 5.0	
29.7 5.0	30.6 5.0	
31.5 5.0	30.6 5.0	
31.5 5.0	32.4 5.0	
33.3 5.0	32.4 5.0	
36.9 5.0	36.9 4.0	
36.9 5.0	36.9 6.0	
0.9 7.0	0.9 6.0	
0.9 7.0	0.9 8.0	
8.1 7.0	8.1 6.0	
8.1 7.0	8.1 8.0	
11.7 7.0	11.7 6.0	
11.7 7.0	11.7 8.0	
36.9 7.0	36.9 6.0	
36.9 7.0	36.9 8.0	
0.9 9.0	0.9 8.0	
0.9 9.0	0.9 10.0	
4.5 9.0	4.5 10.0	
4.5 9.0	5.4 9.0	
6.3 9.0	5.4 9.0	
6.3 9.0	7.2 9.0	
8.1 9.0	8.1 8.0	
8.1 9.0	7.2 9.0	
8.1 9.0	9.0 9.0	
9.9 9.0	9.0 9.0	
9.9 9.0	10.8 9.0	
11.7 9.0	11.7 8.0	
11.7 9.0	10.8 9.0	
15.3 9.0	15.3 10.0	
15.3 9.0	16.2 9.0	
17.1 9.0	16.2 9.0	
17.1 9.0	18.0 9.0	
18.9 9.0	18.0 9.0	
18.9 9.0	19.8 9.0	
20.7 9.0	19.8 9.0	
20.7 9.0	21.6 9.0	
22.5 9.0	21.6 9.0	
22.5 9.0	23.4 9.0	
24.3 9.0	23.4 9.0	
24.3 9.0	25.2 9.0	
26.1 9.0	25.2 9.0	
26.1 9.0	27.0 9.0	
27.9 9.0	27.0 9.0	
27.9 9.0	28.8 9.0	
29.7 9.0	28.8 9.0	
29.7 9.0	30.6 9.0	
31.5 9.0	30.6 9.0	
31.5 9.0	32.4 9.0	
33.3 9.0	32.4 9.0	
36.9 9.0	36.9 8.0	
36.9 9.0	36.9 10.0	
0.9 11.0	0.9 10.0	
0.9 11.0	0.9 12.0	
4.5 11.0	4.5 10.0	
4.5 11.0	4.5 12.0	
15.3 11.0	15.3 10.0	
15.3 11.0	15.3 12.0	
36.9 11.0	36.9 10.0	
36.9 11.0	36.9 12.0	
0.9 13.0	0.9 12.0	
0.9 13.0	0.9 14.0	
4.5 13.0	4.5 12.0	
4.5 13.0	5.4 13.0	
6.3 13.0	5.4 13.0	
6.3 13.0	7.2 13.0	
8.1 13.0	7.2 13.0	
15.3 13.0	15.3 12.0	
15.3 13.0	16.2 13.0	
17.1 13.0	16.2 13.0	
17.1 13.0	18.0 13.0	
18.9 13.0	18.0 13.0	
18.9 13.0	19.8 13.0	
20.7 13.0	19.8 13.0	
20.7 13.0	21.6 13.0	
22.5 13.0	21.6 13.0	
22.5 13.0	22.5 14.0	
26.1 13.0	27.0 13.0	
27.9 13.0	27.0 13.0	
27.9 13.0	28.8 13.0	
29.7 13.0	28.8 13.0	
29.7 13.0	30.6 13.0	
31.5 13.0	30.6 13.0	
31.5 13.0	32.4 13.0	
33.3 13.0	32.4 13.0	
36.9 13.0	36.9 12.0	
36.9 13.0	36.9 14.0	
0.9 15.0	0.9 14.0	
0.9 15.0	0.9 16.0	
22.5 15.0	22.5 14.0	
22.5 15.0	22.5 16.0	
36.9 15.0	36.9 14.0	
36.9 15.0	36.9 16.0	
0.9 17.0	0.9 16.0	
0.9 17.0	0.9 18.0	
0.9 17.0	1.8 17.0	
2.7 17.0	1.8 17.0	
2.7 17.0	3.6 17.0	
4.5 17.0	3.6 17.0	
4.5 17.0	5.4 17.0	
6.3 17.0	5.4 17.0	
6.3 17.0	7.2 17.0	
8.1 17.0	7.2 17.0	
8.1 17.0	9.0 17.0	
9.9 17.0	9.0 17.0	
9.9 17.0	10.8 17.0	
11.7 17.0	10.8 17.0	
11.7 17.0	12.6 17.0	
13.5 17.0	12.6 17.0	
13.5 17.0	14.4 17.0	
15.3 17.0	14.4 17.0	
18.9 17.0	18.9 18.0	
18.9 17.0	19.8 17.0	
20.7 17.0	19.8 17.0	
20.7 17.0	21.6 17.0	
22.5 17.0	22.5 16.0	
22.5 17.0	21.6 17.0	
26.1 17.0	27.0 17.0	
27.9 17.0	27.0 17.0	
27.9 17.0	28.8 17.0	
29.7 17.0	28.8 17.0	
29.7 17.0	30.6 17.0	
31.5 17.0	30.6 17.0	
31.5 17.0	32.4 17.0	
33.3 17.0	32.4 17.0	
33.3 17.0	33.3 18.0	
36.9 17.0	36.9 16.0	
36.9 17.0	36.9 18.0	
0.9 19.0	0.9 18.0	
0.9 19.0	0.9 20.0	
18.9 19.0	18.9 18.0	
18.9 19.0	18.9 20.0	
33.3 19.0	33.3 18.0	
33.3 19.0	33.3 20.0	
36.9 19.0	36.9 18.0	
36.9 19.0	36.9 20.0	
0.9 21.0	0.9 20.0	
0.9 21.0	0.9 22.0	
4.5 21.0	4.5 22.0	
8.1 21.0	8.1 22.0	
8.1 21.0	9.0 21.0	
9.9 21.0	9.0 21.0	
9.9 21.0	10.8 21.0	
11.7 21.0	10.8 21.0	
11.7 21.0	12.6 21.0	
13.5 21.0	12.6 21.0	
13.5 21.0	14.4 21.0	
15.3 21.0	14.4 21.0	
15.3 21.0	16.2 21.0	
17.1 21.0	16.2 21.0	
17.1 21.0	18.0 21.0	
18.9 21.0	18.9 20.0	
18.9 21.0	18.0 21.0	
22.5 21.0	22.5 22.0	
22.5 21.0	23.4 21.0	
24.3 21.0	23.4 21.0	
24.3 21.0	25.2 21.0	
26.1 21.0	25.2 21.0	
26.1 21.0	27.0 21.0	
27.9 21.0	27.0 21.0	
27.9 21.0	28.8 21.0	
29.7 21.0	28.8 21.0	
29.7 21.0	30.6 21.0	
31.5 21.0	30.6 21.0	
31.5 21.0	32.4 21.0	
33.3 21.0	33.3 20.0	
33.3 21.0	32.4 21.0	
36.9 21.0	36.9 20.0	
36.9 21.0	36.9 22.0	
0.9 23.0	0.9 22.0	
0.9 23.0	0.9 24.0	
4.5 23.0	4.5 22.0	
4.5 23.0	4.5 24.0	
8.1 23.0	8.1 22.0	
8.1 23.0	8.1 24.0	
22.5 23.0	22.5 22.0	
22.5 23.0	22.5 24.0	
36.9 23.0	36.9 22.0	
36.9 23.0	36.9 24.0	
0.9 25.0	0.9 24.0	
0.9 25.0	0.9 26.0	
0.9 25.0	1.8 25.0	
2.7 25.0	1.8 25.0	
2.7 25.0	3.6 25.0	
4.5 25.0	4.5 24.0	
4.5 25.0	3.6 25.0	
8.1 25.0	8.1 24.0	
8.1 25.0	8.1 26.0	
11.7 25.0	12.6 25.0	
13.5 25.0	12.6 25.0	
13.5 25.0	14.4 25.0	
15.3 25.0	14.4 25.0	
15.3 25.0	16.2 25.0	
17.1 25.0	16.2 25.0	
17.1 25.0	18.0 25.0	
18.9 25.0	18.0 25.0	
18.9 25.0	18.9 26.0	
22.5 25.0	22.5 24.0	
22.5 25.0	23.4 25.0	
24.3 25.0	23.4 25.0	
24.3 25.0	25.2 25.0	
26.1 25.0	25.2 25.0	
26.1 25.0	27.0 25.0	
27.9 25.0	27.0 25.0	
27.9 25.0	28.8 25.0	
29.7 25.0	28.8 25.0	
29.7 25.0	30.6 25.0	
31.5 25.0	30.6 25.0	
31.5 25.0	32.4 25.0	
33.3 25.0	32.4 25.0	
33.3 25.0	33.3 26.0	
36.9 25.0	36.9 24.0	
36.9 25.0	36.9 26.0	
0.9 27.0	0.9 26.0	
0.9 27.0	0.9 28.0	
8.1 27.0	8.1 26.0	
8.1 27.0	8.1 28.0	
18.9 27.0	18.9 26.0	
18.9 27.0	18.9 28.0	
33.3 27.0	33.3 26.0	
33.3 27.0	33.3 28.0	
36.9 27.0	36.9 26.0	
36.9 27.0	36.9 28.0	
0.9 29.0	0.9 28.0	
0.9 29.0	0.9 30.0	
0.9 29.0	1.8 29.0	
2.7 29.0	1.8 29.0	
2.7 29.0	3.6 29.0	
4.5 29.0	3.6 29.0	
4.5 29.0	5.4 29.0	
6.3 29.0	5.4 29.0	
6.3 29.0	7.2 29.0	
8.1 29.0	8.1 28.0	
8.1 29.0	7.2 29.0	
11.7 29.0	12.6 29.0	
13.5 29.0	12.6 29.0	
13.5 29.0	14.4 29.0	
15.3 29.0	14.4 29.0	
18.9 29.0	18.9 28.0	
18.9 29.0	19.8 29.0	
20.7 29.0	19.8 29.0	
20.7 29.0	21.6 29.0	
22.5 29.0	21.6 29.0	
22.5 29.0	23.4 29.0	
24.3 29.0	23.4 29.0	
24.3 29.0	25.2 29.0	
26.1 29.0	25.2 29.0	
29.7 29.0	29.7 30.0	
33.3 29.0	33.3 28.0	
33.3 29.0	33.3 30.0	
36.9 29.0	36.9 28.0	
36.9 29.0	36.9 30.0	
0.9 31.0	0.9 30.0	
0.9 31.0	0.9 32.0	
29.7 31.0	29.7 30.0	
29.7 31.0	29.7 32.0	
33.3 31.0	33.3 30.0	
33.3 31.0	33.3 32.0	
36.9 31.0	36.9 30.0	
36.9 31.0	36.9 32.0	
0.9 33.0	0.9 32.0	
0.9 33.0	0.9 34.0	
4.5 33.0	5.4 33.0	
6.3 33.0	5.4 33.0	
6.3 33.0	7.2 33.0	
8.1 33.0	7.2 33.0	
8.1 33.0	8.1 34.0	
11.7 33.0	12.6 33.0	
13.5 33.0	12.6 33.0	
13.5 33.0	14.4 33.0	
15.3 33.0	14.4 33.0	
15.3 33.0	16.2 33.0	
17.1 33.0	16.2 33.0	
17.1 33.0	18.0 33.0	
18.9 33.0	18.0 33.0	
18.9 33.0	18.9 34.0	
22.5 33.0	23.4 33.0	
24.3 33.0	23.4 33.0	
24.3 33.0	25.2 33.0	
26.1 33.0	25.2 33.0	
26.1 33.0	26.1 34.0	
26.1 33.0	27.0 33.0	
27.9 33.0	27.0 33.0	
27.9 33.0	28.8 33.0	
29.7 33.0	29.7 32.0	
29.7 33.0	28.8 33.0	
29.7 33.0	30.6 33.0	
31.5 33.0	30.6 33.0	
31.5 33.0	32.4 33.0	
33.3 33.0	33.3 32.0	
33.3 33.0	32.4 33.0	
36.9 33.0	36.9 32.0	
36.9 33.0	36.9 34.0	
0.9 35.0	0.9 34.0	
0.9 35.0	0.9 36.0	
8.1 35.0	8.1 34.0	
8.1 35.0	8.1 36.0	
18.9 35.0	18.9 34.0	
18.9 35.0	18.9 36.0	
26.1 35.0	26.1 34.0	
26.1 35.0	26.1 36.0	
36.9 35.0	36.9 34.0	
36.9 35.0	36.9 36.0	
0.9 37.0	0.9 36.0	
0.9 37.0	0.9 38.0	
0.9 37.0	1.8 37.0	
2.7 37.0	1.8 37.0	
2.7 37.0	3.6 37.0	
4.5 37.0	3.6 37.0	
4.5 37.0	5.4 37.0	
6.3 37.0	5.4 37.0	
6.3 37.0	7.2 37.0	
8.1 37.0	8.1 36.0	
8.1 37.0	7.2 37.0	
8.1 37.0	9.0 37.0	
9.9 37.0	9.0 37.0	
9.9 37.0	10.8 37.0	
11.7 37.0	10.8 37.0	
11.7 37.0	12.6 37.0	
13.5 37.0	12.6 37.0	
13.5 37.0	14.4 37.0	
15.3 37.0	14.4 37.0	
18.9 37.0	18.9 36.0	
22.5 37.0	23.4 37.0	
24.3 37.0	23.4 37.0	
24.3 37.0	25.2 37.0	
26.1 37.0	26.1 36.0	
26.1 37.0	25.2 37.0	
26.1 37.0	27.0 37.0	
27.9 37.0	27.0 37.0	
27.9 37.0	28.8 37.0	
29.7 37.0	28.8 37.0	
29.7 37.0	30.6 37.0	
31.5 37.0	30.6 37.0	
31.5 37.0	32.4 37.0	
33.3 37.0	32.4 37.0	
36.9 37.0	36.9 36.0	
36.9 37.0	36.9 38.0	
0.9 39.0	0.9 38.0	
0.9 39.0	0.9 40.0	
36.9 39.0	36.9 38.0	
36.9 39.0	36.9 40.0	
0.9 41.0	0.9 40.0	
0.9 41.0	1.8 41.0	
2.7 41.0	1.8 41.0	
2.7 41.0	3.6 41.0	
4.5 41.0	3.6 41.0	
4.5 41.0	5.4 41.0	
6.3 41.0	5.4 41.0	
6.3 41.0	7.2 41.0	
8.1 41.0	7.2 41.0	
8.1 41.0	9.0 41.0	
9.9 41.0	9.0 41.0	
9.9 41.0	10.8 41.0	
11.7 41.0	10.8 41.0	
11.7 41.0	12.6 41.0	
13.5 41.0	12.6 41.0	
13.5 41.0	14.4 41.0	
15.3 41.0	14.4 41.0	
15.3 41.0	16.2 41.0	
17.1 41.0	16.2 41.0	
17.1 41.0	18.0 41.0	
18.9 41.0	18.0 41.0	
18.9 41.0	19.8 41.0	
20.7 41.0	19.8 41.0	
20.7 41.0	21.6 41.0	
22.5 41.0	21.6 41.0	
22.5 41.0	23.4 41.0	
24.3 41.0	23.4 41.0	
24.3 41.0	25.2 41.0	
26.1 41.0	25.2 41.0	
26.1 41.0	27.0 41.0	
27.9 41.0	27.0 41.0	
27.9 41.0	28.8 41.0	
29.7 41.0	28.8 41.0	
29.7 41.0	30.6 41.0	
31.5 41.0	30.6 41.0	
31.5 41.0	32.4 41.0	
33.3 41.0	32.4 41.0	
33.3 41.0	34.2 41.0	
35.1 41.0	34.2 41.0	
35.1 41.0	36.0 41.0	
36.9 41.0	36.9 40.0	
36.9 41.0	36.0 41.0	
